[Camera_Config]
mtx1 = 2420.84125252,0.0,1211.20702963,0.0,2420.25274297,1010.34952605,0.0,0.0,1.0
dist1 = -0.20282948347,0.145589817126,0.000265587171574,0.000157393584417,-0.0157189698741
rvec1 = 0.00779240591847,0.00306698101423,0.000590143057587
tvec1 = -0.146116803621,-0.103738895131,0.69072940704
mtx2 = 2415.62849298,0.0,1199.32531333,0.0,2415.61753587,1021.67000806,0.0,0.0,1.0
dist2 = -0.20542367799,0.158503382109,0.000351280445042,8.33035356042e-05,-0.039099482361
rvec2 = 0.010090034488,0.00580713859892,0.000571739333764
tvec2 = -0.142713663306,-0.106987050949,0.68937016147
mtx3 = 2417.22235341,0.0,1231.05100012,0.0,2417.29415085,1021.47636296,0.0,0.0,1.0
dist3 = -0.205142926386,0.157801374353,0.000151050548463,5.88662223311e-05,-0.0408971484576
rvec3 = 0.00958248757176,-0.000839004882171,0.00062208239861
tvec3 = -0.151825719264,-0.106959828766,0.699753850886

