[Camera_Config]
mtx1 = 2408.2954582381894,0.0,1243.8541206504474,0.0,2408.0593769325246,1035.1265294161547,0.0,0.0,1.0
dist1 = -0.20680693944240522,0.16615792777443392,0.000176936702389338,-0.0002865331957970374,-0.05552015022523981
rvec1 = 0.005182726508836427,0.0032847212453035804,3.1413118980802537
tvec1 = 0.15298106825333335,0.11896663937468942,0.7171796424719178
mtx2 = 2417.275169587258,0.0,1226.2509341898522,0.0,2417.0077272249796,1040.9138556809392,0.0,0.0,1.0
dist2 = -0.20737269552350923,0.16826141871107958,0.00033166095043305534,6.356441661461328e-05,-0.055412595703435416
rvec2 = 0.009607129425463792,0.0009389129948130135,3.14128382812248
tvec2 = 0.15824284197006327,0.11722803805504048,0.7196262657711923
mtx3 = 2404.805803087827,0.0,1244.6454060452195,0.0,2404.604364442582,1026.680892578087,0.0,0.0,1.0
dist3 = -0.2085842536691739,0.17200811429251164,-0.00026763668543740104,-0.0001328295885933935,-0.06276913299577042
rvec3 = 0.004292189168521999,0.0075896493361823835,3.1413114090167125
tvec3 = 0.1527417956355989,0.12150340721865502,0.7158388715914383

