[Camera_Config]
mtx1 = 2406.2490927445383,0.0,1215.592430158187,0.0,2405.7786895988743,1029.5068961022068,0.0,0.0,1.0
dist1 = -0.20785329245243425,0.16276405428892968,-0.00025903279341311014,0.00012096436542196451,-0.0493288517946226
rvec1 = -0.013069120221128784,-0.0024279202132323854,-0.00033728409654144116
tvec1 = -0.1732331379741815,-0.10171889684811801,0.7210734605037892
mtx2 = 2403.6282729286745,0.0,1206.4438010476456,0.0,2403.0018423446877,1020.1619437292786,0.0,0.0,1.0
dist2 = -0.20860262129110962,0.1650996335537495,-0.0002770021491819038,-0.0001906920615383529,-0.05483386950092362
rvec2 = -0.014894842912848047,0.00030366369995108626,-0.0003510528542448247
tvec2 = -0.17048142229177782,-0.09889950231650507,0.7209003654652136
mtx3 = 2399.3544970278067,0.0,1233.2002566928002,0.0,2399.1951422632137,1021.4854109757142,0.0,0.0,1.0
dist3 = -0.20625200804385874,0.15491507706183377,0.00013590903402005444,-0.0004390860933047225,-0.03917942038100486
rvec3 = -0.013617803497998189,-0.004687435518513029,-0.00037501375835617034
tvec3 = -0.1785201343908048,-0.0993092792906416,0.7187274184117931

