[Camera_Config]
mtx1 = 2408.054306261909,0.0,1228.819818843552,0.0,2408.0582994626066,1020.118060618904,0.0,0.0,1.0
dist1 = -0.20627902060212044,0.16010408198890505,-0.00031877243175222104,-3.523765424016719e-05,-0.04738895882376202
rvec1 = 0.016932899408329455,0.009491096068345575,0.00029981289696937084
tvec1 = -0.14990491395051628,-0.10350053395504695,0.7122633274636503
mtx2 = 2404.792487484599,0.0,1225.8816436553334,0.0,2404.525756682494,1031.2829869519671,0.0,0.0,1.0
dist2 = -0.20479923595579022,0.149887923594803,-0.00036310827737805017,0.0002599931105840471,-0.03017902264101695
rvec2 = 0.018908692258950848,0.009312137218809226,0.00031800926057969954
tvec2 = -0.14903500327622093,-0.10682056611377247,0.7110870183817471
mtx3 = 2404.792487484599,0.0,1225.8816436553334,0.0,2404.525756682494,1031.2829869519671,0.0,0.0,1.0
dist3 = -0.20479923595579022,0.149887923594803,-0.00036310827737805017,0.0002599931105840471,-0.03017902264101695
rvec3 = 0.018908692258950848,0.009312137218809226,0.00031800926057969954
tvec3 = -0.14903500327622093,-0.10682056611377247,0.7110870183817471

