[Camera_Config]
mtx1 = 2408.516370874948,0.0,1240.4633218621123,0.0,2408.1975461329134,1032.1728376227313,0.0,0.0,1.0
dist1 = -0.20700988130652534,0.16371954916547257,-1.435120422780205e-05,0.0002113959401897067,-0.05121772618132316
rvec1 = 0.01650182208751769,0.04019954466576289,-0.00019428083477583035
tvec1 = -0.15402238669054788,-0.1091544266182375,0.7198337042969222
mtx2 = 2408.914442266982,0.0,1237.6471957086424,0.0,2408.743404087901,1054.7163796992281,0.0,0.0,1.0
dist2 = -0.20514439765041528,0.15315676710047105,-1.4553323566433746e-07,-0.00030547656796846306,-0.03571672912383938
rvec2 = 0.020768720594251854,0.04221056259777853,3.7723735124821914e-05
tvec2 = -0.15315161292484084,-0.11592881510426167,0.7198784348333863
mtx3 = 2408.914442266982,0.0,1237.6471957086424,0.0,2408.743404087901,1054.7163796992281,0.0,0.0,1.0
dist3 = -0.20514439765041528,0.15315676710047105,-1.4553323566433746e-07,-0.00030547656796846306,-0.03571672912383938
rvec3 = 0.020768720594251854,0.04221056259777853,3.7723735124821914e-05
tvec3 = -0.15315161292484084,-0.11592881510426167,0.7198784348333863

