[Camera_Config]
mtx1 = 2416.07675468,0.0,1261.45830031,0.0,2416.00648767,1005.09469886,0.0,0.0,1.0
dist1 = -0.206191872834,0.160638196841,9.15362430945e-05,8.72875898651e-05,-0.0441638049494
rvec1 = 0.00831873789903,0.0170643234841,0.000569959372492
tvec1 = -0.160220554805,-0.0991654384356,0.691391750568
mtx2 = 2415.63530143,0.0,1229.16166122,0.0,2416.12680273,1031.08956948,0.0,0.0,1.0
dist2 = -0.203298428179,0.146617703597,6.80957450231e-05,-0.000155584873978,-0.0255244158182
rvec2 = 0.0131315807553,0.0245732353046,0.00065174074472
tvec2 = -0.150941736373,-0.106646089983,0.692203722328
mtx3 = 2412.11276899,0.0,1222.18353859,0.0,2412.19402867,993.58637294,0.0,0.0,1.0
dist3 = -0.20626399276,0.16340155489,-0.000282224637612,-1.70434249489e-05,-0.0475581040144
rvec3 = 0.00525219391662,0.0256464878923,0.000416818963809
tvec3 = -0.148954524152,-0.0958354706765,0.691839557193

