[Camera_Config]
mtx1 = 2406.89193585236,0.0,1207.8893745893115,0.0,2406.6167401339444,1021.6661143161235,0.0,0.0,1.0
dist1 = -0.20752510363671944,0.16127127212692913,-9.596976067009644e-05,-0.00031358207296604414,-0.04671918839627898
rvec1 = 0.003424687442643303,0.006617890446209692,0.00017700763091791917
tvec1 = -0.1453137297637007,-0.09032419555572258,0.7190347196464904
mtx2 = 2402.591158907521,0.0,1218.2644050068675,0.0,2402.793868560437,1021.1108813081443,0.0,0.0,1.0
dist2 = -0.20589513001463317,0.1525272835303002,-0.00017405735324792853,-0.00013732306953917304,-0.037180697796274365
rvec2 = 0.003146161093622202,0.0039030484688681497,0.00020601703491092532
tvec2 = -0.14842173997227445,-0.09016208499840933,0.7174286656047518
mtx3 = 2402.259058195129,0.0,1221.3696692258923,0.0,2402.2283195277896,1025.594567218741,0.0,0.0,1.0
dist3 = -0.20763077956400128,0.15831130061765733,-0.0001831109090069659,-0.00014138882185418233,-0.044135418847992734
rvec3 = 0.003911134605442653,0.0032504346892569414,0.00021612979685096075
tvec3 = -0.14935116608858232,-0.09150746030920855,0.7170992927329551

