[Camera_Config]
mtx1 = 2413.26093598362,0.0,1240.2250175312026,0.0,2412.8118879922063,1011.6353192723552,0.0,0.0,1.0
dist1 = -0.11884560484685143,0.04868003690481204,0.00018519678615527588,8.628516353103342e-05,-0.051308246523625034
rvec1 = 0.0038268793566638365,-0.014835332354176682,-0.003701427910035039
tvec1 = -0.17137521242247805,-0.08319474774851562,0.6653874541871662
mtx2 = 2410.8166422123927,0.0,1196.9648848181932,0.0,2410.445303046331,1012.1443262162328,0.0,0.0,1.0
dist2 = -0.1177522379438403,0.03714572862392832,-0.00019201659672908649,-0.000363169142788407,-0.027381724916381602
rvec2 = 0.0029786621359763643,-0.008206342340069178,-0.0038269096607014366
tvec2 = -0.15939125955936922,-0.08331326086422593,0.6658628802133079
mtx3 = 2415.334759320536,0.0,1217.140791558844,0.0,2415.1015436308603,995.548278891268,0.0,0.0,1.0
dist3 = -0.11633298889813311,0.03271841170795783,-7.620002621654418e-05,0.00021658124113250234,-0.02381019101031341
rvec3 = 0.0015487366645317443,-0.012227257444737842,-0.003734103880634231
tvec3 = -0.16498234106374496,-0.07872067936830668,0.6666329583033282


