[Camera_Config]
mtx1 = 2415.037127667507,0.0,1244.902633864167,0.0,2414.8722191749985,1016.8018878325342,0.0,0.0,1.0
dist1 = -0.2062371473612171,0.16313451606584856,-0.00019000794077490997,-0.00028325433402904226,-0.049180018413826805
rvec1 = -0.006148991132003704,0.007751647626857174,0.0026434918089311378
tvec1 = -0.16286396748351456,-0.061449296254003756,0.6490347037677648
mtx2 = 2407.7609060574414,0.0,1257.5326664338834,0.0,2407.454943939777,1051.5080958961119,0.0,0.0,1.0
dist2 = -0.2061478263020033,0.16194312436607883,0.0001786485676194339,4.041141373593225e-05,-0.05047112702887434
rvec2 = 0.000977500843527999,0.004094005801567838,0.002875718718762722
tvec2 = -0.16625289957621245,-0.07086160137786966,0.6459950828235707
mtx3 = 2418.523620910922,0.0,1234.5833046723365,0.0,2418.502276800859,1031.0344134768804,0.0,0.0,1.0
dist3 = -0.20691067508358804,0.1681499565967593,-0.00011364355190905723,0.00019413875636969838,-0.057434079537064885
rvec3 = -0.0033219068100043625,0.00862254675327506,0.0026871267939211486
tvec3 = -0.1600879399720368,-0.06529992787169348,0.6499839433994491

