[Camera_Config]
mtx1 = 2400.1834798595382,0.0,1211.4447704492354,0.0,2399.7524775439524,1041.1304159090353,0.0,0.0,1.0
dist1 = -0.20756303729330727,0.16208268958249825,-0.0001573030798509637,0.00028542294231888565,-0.04897894757021989
rvec1 = 0.007533836830051487,-0.014021117693636375,0.00013992849571252996
tvec1 = -0.08233562068722297,-0.08285726815828913,0.6845112877973584
mtx2 = 2397.920619927014,0.0,1231.6728057768466,0.0,2397.575928034884,1019.4328151988462,0.0,0.0,1.0
dist2 = -0.20609684014035978,0.1534652788326319,-6.474099546974886e-05,-0.00033368631282465743,-0.03937307489424725
rvec2 = 0.003665366496751571,-0.016575233001749953,0.000496819605375062
tvec2 = -0.08809750985974016,-0.07665328173308988,0.6840834691744874
mtx3 = 0.0,0.0,0.0,0.0,0.0,0.0,0.0,0.0,0.0
dist3 = 0.0,0.0,0.0,0.0,0.0
rvec3 = 0.0,0.0,0.0
tvec3 = 0.0,0.0,0.0

